X = -1586.56347656
Y = 663.04376220
Z = 7.18750000
Lock = 0
Coment = das
Owner = TacPac
