X = 621.02923583
Y = -1681.42187500
Z = 15.50129795
Lock = 0
Coment = 232
Owner = seby
