X = 2437.50683593
Y = 1675.79724121
Z = 10.82031250
Lock = 0
Coment = Cel mai tare este DrooM
Owner = seby
